# Multi-Camera LED Triangulation Results
# Number of cameras: 5
# Solved cameras: 5
# Number of LEDs: 34

# Camera Positions
CAMERA_0 1.298571 0.616701 -5.475411
CAMERA_1 -4.650237 -0.135284 -0.353325
CAMERA_2 0.424138 -0.023512 -4.296133
CAMERA_3 -4.238214 -0.598393 -0.578997
CAMERA_4 -2.878521 2.214984 -1.765745

# Camera Rotations (as rotation matrices)
CAMERA_0_ROTATION
0.980113 -0.126524 -0.152876
0.109879 0.987518 -0.112845
0.165245 0.093803 0.981782
CAMERA_1_ROTATION
-0.166632 0.005544 0.986004
0.072722 -0.997192 0.017897
0.983334 0.074687 0.165761
CAMERA_2_ROTATION
0.999998 0.002091 -0.000766
-0.002089 0.999995 0.002533
0.000771 -0.002531 0.999996
CAMERA_3_ROTATION
-0.126319 0.135244 0.982727
-0.138004 -0.983425 0.117601
0.982343 -0.120766 0.142889
CAMERA_4_ROTATION
0.114705 -0.712160 0.692583
0.724481 -0.417043 -0.548819
0.679684 0.564716 0.468109

# 3D LED Coordinates
LED_0007 0.574793 -0.149521 -0.748671
LED_0010 0.302174 -0.166569 0.795049
LED_0013 0.167575 0.643443 -0.619827
LED_0014 0.011638 -0.054004 -0.860268
LED_0016 -0.434129 -0.777457 -0.195199
LED_0017 -0.630475 -0.780727 0.425517
LED_0018 -0.107384 -0.260516 0.599859
LED_0021 -0.546808 0.604699 0.191735
LED_0027 0.609838 0.062092 -0.666261
LED_0028 0.506652 0.614495 -0.402391
LED_0029 -0.123954 0.837474 -0.153962
LED_0030 -0.537945 0.525455 -0.016150
LED_0034 0.289608 -1.000000 0.278733
LED_0035 0.092470 -0.582335 0.580527
LED_0037 -0.769687 0.194004 0.332355
LED_0038 -0.534688 0.547436 -0.300904
LED_0044 -0.217433 -0.073301 0.689943
LED_0053 0.534969 0.169979 0.489536
LED_0054 0.688186 0.387751 -0.183426
LED_0056 0.006238 -0.029055 0.022839
LED_0058 -0.759290 -0.645468 0.256563
LED_0060 0.044992 0.531026 0.157755
LED_0064 0.309639 -0.443972 -0.720706
LED_0068 0.175476 -0.226259 0.317047
LED_0072 0.179960 -0.750239 -0.177078
LED_0073 0.223804 -0.010520 -0.068527
LED_0076 -0.364143 0.279011 -0.537437
LED_0087 -0.152347 -0.190808 0.131995
LED_0088 -0.565813 0.391832 -0.107833
LED_0090 0.342321 0.473445 0.037926
LED_0091 0.555820 -0.149116 0.092544
LED_0092 0.062618 -0.384842 0.288456
LED_0093 -0.154647 0.014213 0.735715
LED_0098 0.219971 0.398353 -0.665453
