# Multi-Camera LED Triangulation Results
# Number of cameras: 5
# Solved cameras: 5
# Number of LEDs: 99 (added some more from the initial 74)

# Camera Positions
CAMERA_0 0.328026 0.449084 -6.242723
CAMERA_1 -3.396904 0.407108 -5.052990
CAMERA_2 0.063686 0.191165 4.418157
CAMERA_3 -7.473937 0.347717 3.727901
CAMERA_4 -4.440454 0.293057 2.720190

# Camera Rotations (as rotation matrices)
CAMERA_0_ROTATION
0.999999 -0.001202 0.001181
0.001201 0.999999 0.000661
-0.001182 -0.000660 0.999999
CAMERA_1_ROTATION
0.776979 -0.042685 0.628078
0.041828 0.998994 0.016149
-0.628135 0.013724 0.777983
CAMERA_2_ROTATION
-0.998703 0.050750 0.004151
0.050578 0.998130 -0.034321
-0.005885 -0.034067 -0.999402
CAMERA_3_ROTATION
-0.496117 0.003039 0.868251
0.047801 0.998573 0.023818
-0.866939 0.053319 -0.495554
CAMERA_4_ROTATION
-0.488888 0.092258 0.867454
0.083825 0.994759 -0.058555
-0.868310 0.044088 -0.494059

# 3D LED Coordinates
LED_0000 0.066803 0.921368 0.113824
LED_0001 0.254348 0.403718 0.505503
LED_0002 0.480562 -0.127775 0.879065
LED_0003 0.406794 -0.567830 0.456221
LED_0004 0.170590 -1.000000 -0.077250
LED_0005 0.016796 -0.500564 -0.166810
LED_0006 -0.086060 0.184476 -0.145008
LED_0007 -0.173820 0.876752 -0.161050
LED_0008 0.032076 0.514770 -0.481871
LED_0009 0.273102 -0.063965 -0.899296
LED_0010 0.652861 -0.076342 -0.674101
LED_0011 0.513576 -0.055072 -0.284704
LED_0012 -0.066266 0.002457 0.121147
LED_0013 -0.683418 0.019734 0.558599
LED_0014 -0.705426 0.238800 0.246654
LED_0015 -0.412607 0.528091 -0.421087
LED_0016 -0.191915 0.441346 -0.382949
LED_0017 -0.080658 0.121066 0.239143
LED_0018 -0.055807 -0.155988 0.939906
LED_0019 0.225913 0.188894 0.768544
LED_0020 0.350439 0.680858 0.322087
LED_0021 0.291702 0.577906 -0.285874
LED_0022 0.127352 0.147918 -0.840280
LED_0023 -0.000099 -0.327923 -0.693208
LED_0024 -0.140866 -0.830546 -0.195116
LED_0025 -0.186219 -0.642838 0.102144
LED_0026 -0.200386 0.042690 0.218961
LED_0027 -0.250435 0.750153 0.288843
LED_0028 -0.242223 0.511401 0.743951
LED_0029 -0.294246 0.040770 0.929619
LED_0030 -0.257056 0.026587 0.188344
LED_0031 -0.236179 0.075058 -0.526059
LED_0032 -0.044756 0.273365 -0.832187
LED_0033 0.367224 0.497301 -0.340683
LED_0034 0.618214 0.547997 0.130266
LED_0035 0.334723 -0.080668 0.158591
LED_0036 0.107878 -0.735343 0.200982
LED_0037 0.328645 -0.764934 0.106538
LED_0038 0.704901 -0.214929 -0.065722
LED_0039 0.763055 0.161388 -0.208315
LED_0040 0.131284 0.008317 -0.291574
LED_0041 -0.527991 -0.128158 -0.408222
LED_0042 -0.584295 -0.082545 -0.278982
LED_0043 0.021877 -0.056375 0.029367
LED_0044 0.623434 0.009180 0.337537
LED_0045 0.794129 0.406388 0.217571
LED_0046 0.452589 0.447763 -0.165533
LED_0047 -0.073322 0.312487 -0.561222
LED_0048 -0.562743 0.272251 -0.804087
LED_0049 -0.548077 0.435156 -0.077659
LED_0050 -0.579420 0.525395 0.669297
LED_0051 -0.550842 0.139481 0.998133
LED_0052 -0.538024 -0.369369 0.469786
LED_0053 -0.522429 -0.778610 -0.084860
LED_0054 -0.245445 -0.316885 -0.572034
LED_0055 0.038244 0.120866 -0.959292
LED_0056 0.579827 0.102009 -0.540561
LED_0057 0.753626 -0.155801 -0.169000
LED_0058 0.399854 -0.604274 0.274754
LED_0059 -0.092237 -0.701472 0.458513
LED_0060 -0.699921 -0.378568 0.388945
LED_0061 -0.687073 -0.169431 0.116285
LED_0062 -0.054123 -0.165306 -0.247960
LED_0063 0.576639 -0.166259 -0.629139
LED_0064 0.501022 -0.555190 -0.524330
LED_0065 0.043109 -0.552385 -0.528635
LED_0066 -0.489321 -0.144628 -0.605179
LED_0067 -0.580696 0.323978 -0.328053
LED_0068 -0.312058 0.767882 0.124855
LED_0069 -0.089933 0.635191 0.507889
LED_0070 0.089399 0.040146 0.852483
LED_0071 0.060037 -0.431449 0.829525
LED_0072 -0.028711 -0.870409 0.279533
LED_0073 -0.077523 -0.549524 0.684485
LED_0074 -0.077523 -0.549524 0.684485
LED_0075 -0.077523 -0.549524 0.684485
LED_0076 -0.077523 -0.549524 0.684485
LED_0077 -0.077523 -0.549524 0.684485
LED_0078 -0.077523 -0.549524 0.684485
LED_0079 -0.077523 -0.549524 0.684485
LED_0080 -0.077523 -0.549524 0.684485
LED_0081 -0.077523 -0.549524 0.684485
LED_0082 -0.077523 -0.549524 0.684485
LED_0083 -0.077523 -0.549524 0.684485
LED_0084 -0.077523 -0.549524 0.684485
LED_0085 -0.077523 -0.549524 0.684485
LED_0086 -0.077523 -0.549524 0.684485
LED_0087 -0.077523 -0.549524 0.684485
LED_0088 -0.077523 -0.549524 0.684485
LED_0089 -0.077523 -0.549524 0.684485
LED_0090 -0.077523 -0.549524 0.684485
LED_0091 -0.077523 -0.549524 0.684485
LED_0092 -0.077523 -0.549524 0.684485
LED_0093 -0.077523 -0.549524 0.684485
LED_0094 -0.077523 -0.549524 0.684485
LED_0095 -0.077523 -0.549524 0.684485
LED_0096 -0.077523 -0.549524 0.684485
LED_0097 -0.077523 -0.549524 0.684485
LED_0098 -0.077523 -0.549524 0.684485
LED_0099 -0.077523 -0.549524 0.684485